                              |       28      -28      -33 
                              |      -46       53     -100 
                              |      -98       46      -50 
------------------------------*----------------------------
      26       22       71    |    -7242     3704    -6608 
      77      -95       12    |     5350    -6639     6359 
     -91       60      -65    |     1062     2738      253 

                              |        1        2        3 
                              |        2        3        1 
                              |        1        2        3 
------------------------------*----------------------------
       3        3        3    |       12       21       21 
       3        3        3    |       12       21       21 
       2        2        2    |        8       14       14 
       
                              |     3000     3000     3000 
                              |     3000     3000     3000 
                              |     2000     2000     2000 
------------------------------*----------------------------
    3000     3000     3000    |124000000 24000000 24000000 
    3000     3000     3000    | 24000000 24000000 24000000 
    2000     2000     2000    | 16000000 16000000 16000000 
    
                              |        28       -28       -33
                              |       -46        53      -100
                              |       -98        46       -50
------------------------------*------------------------------
        26        22        71|     -7242      3704     -6608
        77       -95        12|      5350     -6639      6359
       -91        60       -65|      1062      2738       253
