3,3,3,1
hi
now printing x
26 22 71 
77 -95 12 
-91 60 -65 

 now printing y 
28 -28 -33 
-46 53 -100 
-98 46 -50 


 now printing the result Z
-7242 3704 -6608 
5350 -6639 6359 
1062 2738 253 

                              |        28       -28       -33
                              |       -46        53      -100
                              |       -98        46       -50
------------------------------*------------------------------
        26        22        71|     -7242      3704     -6608
        77       -95        12|      5350     -6639      6359
       -91        60       -65|      1062      2738       253
